15406 (27)
15408 (19)
15407 (19)
15404 (16)
33307 (15)
15409 (14)
15405 (11)
40002 (5)
46405 (4)
46433 (4)
14202 (3)
46436 (3)
46404 (3)
46435 (3)
46431 (3)
46438 (3)
46432 (3)
15402 (3)
46407 (3)
46420 (3)
46443 (3)
46417 (3)
46452 (3)
46424 (3)
46434 (3)
46409 (3)
46403 (3)
46429 (3)
15410 (3)
46401 (3)
46419 (3)
46421 (3)
46456 (3)
46425 (3)
46423 (3)
46428 (3)
46447 (3)
46458 (3)
46446 (3)
46427 (3)
46408 (3)
46444 (3)
16036 (2)
46457 (2)
46453 (2)
42436 (2)
29211 (2)
29210 (2)
25007 (2)
42201 (2)
46459 (2)
29208 (2)
12031 (2)
51418 (2)
36334 (2)
20031 (2)
11820 (2)
55004 (2)
32834 (2)
42422 (2)
20008 (2)
56109 (2)
20011 (2)
42308 (2)
14206 (2)
60111 (2)
32809 (2)
26037 (2)
57010 (2)
25008 (2)
26055 (2)
15403 (2)
46406 (2)
20035 (2)
46451 (2)
20003 (2)
46465 (2)
56111 (2)
46442 (2)
55012 (2)
46440 (2)
57006 (2)
46411 (2)
46402 (2)
60159 (2)
20033 (2)
20005 (2)
20034 (2)
46439 (2)
38202 (2)
20004 (2)
15419 (2)
20007 (2)
20006 (2)